Iteration: 1
Threshold: 0.5525
Time between detection: 10
[[ 0.00000000e+00  1.00000000e+00  9.32173908e-01  1.71106845e-01
   1.88919306e-02  8.19715261e-01  9.91068006e-01]
 [ 0.00000000e+00  1.00000000e+00  6.05232939e-02 -3.76022607e-03
  -6.36246502e-02  1.01093322e-01  9.64137316e-01]
 [ 0.00000000e+00  1.00000000e+00  3.81601974e-02  2.25819826e-01
   1.06252432e-02  7.57450104e-01  6.99550629e-01]
 [ 0.00000000e+00  1.00000000e+00  3.71330939e-02  9.69994664e-01
   1.99644208e-01  9.98753548e-01  8.02291870e-01]
 [ 0.00000000e+00  1.00000000e+00  3.52664180e-02  8.64273667e-01
   2.43357062e-01  9.98436928e-01  1.00966322e+00]
 [ 0.00000000e+00  1.00000000e+00  3.10997181e-02  9.67379689e-01
   1.18154734e-01  9.93183374e-01  7.14671850e-01]
 [ 0.00000000e+00  1.00000000e+00  3.01033519e-02  1.99567229e-01
   6.73575103e-01  3.59463960e-01  9.93932903e-01]
 [ 0.00000000e+00  1.00000000e+00  2.66858786e-02 -2.56406665e-02
   2.24561721e-01  1.02773333e+00  8.23377252e-01]
 [ 0.00000000e+00  1.00000000e+00  2.55361330e-02 -2.72218883e-03
   7.06839561e-02  2.35312968e-01  9.38825607e-01]
 [ 0.00000000e+00  1.00000000e+00  2.44633481e-02  3.11835349e-01
   1.41983733e-01  4.04410124e-01  4.23633754e-01]
 [ 0.00000000e+00  1.00000000e+00  2.41766982e-02 -1.08392984e-02
   3.67951691e-02  1.44927740e-01  7.49374151e-01]
 [ 0.00000000e+00  1.00000000e+00  2.32228599e-02  1.63759351e-01
   6.19873941e-01  3.24201792e-01  9.72585022e-01]
 [ 0.00000000e+00  1.00000000e+00  2.30596773e-02  3.27677190e-01
   4.66074497e-02  4.36934590e-01  3.96146715e-01]
 [ 0.00000000e+00  1.00000000e+00  2.23458819e-02  4.91628349e-01
   1.09500140e-02  6.22181833e-01  3.88989270e-01]
 [ 0.00000000e+00  1.00000000e+00  2.21519675e-02  2.88362175e-01
   1.04347914e-02  6.30811691e-01  4.51022625e-01]
 [ 0.00000000e+00  1.50000000e+01  8.66995379e-02  1.29341185e-02
   5.54063916e-01  9.54992533e-01  9.90530729e-01]
 [ 0.00000000e+00  2.70000000e+01  2.81346422e-02  3.35336685e-01
   4.22981620e-01  6.31158829e-01  5.91984987e-01]
 [ 0.00000000e+00  3.10000000e+01  2.29275767e-02  2.32737467e-01
   8.56945574e-01  5.48618734e-01  9.95655477e-01]
 [ 0.00000000e+00  3.20000000e+01  2.61896793e-02  4.35674012e-01
   5.63636780e-01  5.68296969e-01  8.17182302e-01]
 [ 0.00000000e+00  3.20000000e+01  2.44318787e-02  5.03044605e-01
   5.73596418e-01  6.29184246e-01  7.96861708e-01]
 [ 0.00000000e+00  3.20000000e+01  2.40554903e-02  4.25050259e-01
   5.96427917e-01  5.10117233e-01  8.41288924e-01]
 [ 0.00000000e+00  6.20000000e+01  5.09709001e-01  9.47193801e-03
   5.96534371e-01  1.57442063e-01  9.67870951e-01]
 [ 0.00000000e+00  6.20000000e+01  2.66608268e-01  8.78615677e-01
   6.66926146e-01  9.99656618e-01  9.82365251e-01]
 [ 0.00000000e+00  6.20000000e+01  1.26236364e-01  2.89026350e-02
   6.54117465e-01  1.93858489e-01  9.87247944e-01]
 [ 0.00000000e+00  6.20000000e+01  9.78470445e-02  1.36680350e-01
   5.46711862e-01  2.42797688e-01  7.03765333e-01]
 [ 0.00000000e+00  6.20000000e+01  8.15939233e-02  7.03171082e-03
   6.92283630e-01  6.81385249e-02  1.02136123e+00]
 [ 0.00000000e+00  6.20000000e+01  6.61791489e-02  7.44746625e-03
   5.85451365e-01  2.74845064e-01  9.85029459e-01]
 [ 0.00000000e+00  6.20000000e+01  6.54926524e-02  1.28254533e-01
   5.62691152e-01  2.37904012e-01  8.67592394e-01]
 [ 0.00000000e+00  6.20000000e+01  6.02410808e-02  2.62835808e-02
   5.84328771e-01  1.35462493e-01  6.37082458e-01]
 [ 0.00000000e+00  6.20000000e+01  5.06280959e-02  8.32193732e-01
   5.60858011e-01  1.00139439e+00  9.91403103e-01]
 [ 0.00000000e+00  6.20000000e+01  4.67830710e-02  1.03483111e-01
   6.68884397e-01  2.25531638e-01  9.62617040e-01]
 [ 0.00000000e+00  6.20000000e+01  4.57429402e-02  4.62981313e-03
   7.79336035e-01  2.17831969e-01  9.63809907e-01]
 [ 0.00000000e+00  6.20000000e+01  3.87958623e-02  7.85102487e-01
   5.60169637e-01  9.62930799e-01  8.06640804e-01]
 [ 0.00000000e+00  6.20000000e+01  3.84896547e-02 -1.51072349e-03
   5.47539711e-01  2.52111778e-02  6.86710000e-01]
 [ 0.00000000e+00  6.20000000e+01  3.81473452e-02  7.92595148e-01
   6.81334496e-01  1.01766801e+00  9.93029356e-01]
 [ 0.00000000e+00  6.20000000e+01  3.77825126e-02  6.85946703e-01
   6.89304590e-01  8.36599827e-01  9.80867982e-01]
 [ 0.00000000e+00  6.20000000e+01  3.74739654e-02  7.62627006e-01
   7.57450759e-01  8.01332831e-01  8.60852063e-01]
 [ 0.00000000e+00  6.20000000e+01  3.70815471e-02  2.96130031e-03
   7.10187256e-01  2.20698774e-01  9.12075102e-01]
 [ 0.00000000e+00  6.20000000e+01  3.61823142e-02 -9.51930881e-03
   8.27106655e-01  2.00694650e-01  9.97249424e-01]
 [ 0.00000000e+00  6.20000000e+01  3.58236097e-02  8.41973871e-02
   7.38774419e-01  1.91895828e-01  8.92411113e-01]
 [ 0.00000000e+00  6.20000000e+01  3.53017598e-02  7.54822135e-01
   7.38619030e-01  8.98450732e-01  9.96353805e-01]
 [ 0.00000000e+00  6.20000000e+01  3.52810211e-02  7.84105182e-01
   8.65311861e-01  8.55163574e-01  9.84735608e-01]
 [ 0.00000000e+00  6.20000000e+01  3.32874432e-02  6.82910860e-01
   7.73311019e-01  7.67280996e-01  8.56771111e-01]
 [ 0.00000000e+00  6.20000000e+01  3.27938385e-02  9.37096894e-01
   6.90196574e-01  1.00100803e+00  8.49380791e-01]
 [ 0.00000000e+00  6.20000000e+01  3.26623917e-02  7.67250955e-01
   7.50131309e-01  8.94803345e-01  8.65050614e-01]
 [ 0.00000000e+00  6.20000000e+01  3.25455293e-02  5.55177033e-03
   7.56453097e-01  1.60044074e-01  1.00689733e+00]
 [ 0.00000000e+00  6.20000000e+01  3.14581580e-02  7.58688509e-01
   8.18559051e-01  8.02646339e-01  9.21541810e-01]
 [ 0.00000000e+00  6.20000000e+01  3.14070359e-02 -2.31922418e-02
   6.48934543e-01  1.64802372e-01  1.08333051e+00]
 [ 0.00000000e+00  6.20000000e+01  3.11321896e-02  1.32869929e-01
   6.97383404e-01  2.11024612e-01  8.28395486e-01]
 [ 0.00000000e+00  6.20000000e+01  3.06043141e-02  1.29617602e-01
   4.73347962e-01  3.53885531e-01  9.53485191e-01]
 [ 0.00000000e+00  6.20000000e+01  3.03634368e-02  6.90984368e-01
   8.31881642e-01  7.45391488e-01  9.23350096e-01]
 [ 0.00000000e+00  6.20000000e+01  2.99843289e-02  7.59696960e-01
   4.87064242e-01  9.69800949e-01  9.47112322e-01]
 [ 0.00000000e+00  6.20000000e+01  2.99465172e-02  4.96679544e-03
   5.74092388e-01  2.30884776e-01  7.31784344e-01]
 [ 0.00000000e+00  6.20000000e+01  2.96294615e-02  1.09678671e-01
   7.10267961e-01  1.86686918e-01  8.32209051e-01]
 [ 0.00000000e+00  6.20000000e+01  2.96287220e-02  7.81154335e-01
   7.91821003e-01  8.55554283e-01  9.31066751e-01]
 [ 0.00000000e+00  6.20000000e+01  2.92046294e-02  8.56301785e-01
   9.04363990e-01  9.76701140e-01  1.00078022e+00]
 [ 0.00000000e+00  6.20000000e+01  2.91466806e-02 -4.74439189e-02
   7.23516464e-01  1.40659720e-01  8.92022848e-01]
 [ 0.00000000e+00  6.20000000e+01  2.89952736e-02  7.66820431e-01
   6.83633924e-01  9.59442139e-01  9.45381165e-01]
 [ 0.00000000e+00  6.20000000e+01  2.77427044e-02  3.23649719e-02
   5.37651658e-01  2.35767633e-01  6.95745111e-01]
 [ 0.00000000e+00  6.20000000e+01  2.73340382e-02  8.49201322e-01
   6.89701915e-01  1.01811039e+00  1.09827244e+00]
 [ 0.00000000e+00  6.20000000e+01  2.67356001e-02  8.79999436e-03
   7.71467268e-01  3.59829366e-02  1.00368977e+00]
 [ 0.00000000e+00  6.20000000e+01  2.66109817e-02  6.96832538e-01
   5.82745016e-01  8.34975362e-01  8.58331263e-01]
 [ 0.00000000e+00  6.20000000e+01  2.65692696e-02  2.00410619e-01
   8.33210886e-01  3.14244539e-01  9.04152811e-01]
 [ 0.00000000e+00  6.20000000e+01  2.65007317e-02  9.34390604e-01
   6.73012972e-01  9.95855749e-01  7.55557299e-01]
 [ 0.00000000e+00  6.20000000e+01  2.64496487e-02  1.04794167e-02
   8.57672215e-01  4.54889201e-02  9.95625257e-01]
 [ 0.00000000e+00  6.20000000e+01  2.63445210e-02  7.33680129e-01
   8.58800113e-01  8.08930278e-01  9.89985645e-01]
 [ 0.00000000e+00  6.30000000e+01  2.03536287e-01 -5.68729639e-03
   5.61665297e-01  9.26107228e-01  9.72184777e-01]
 [ 0.00000000e+00  6.30000000e+01  8.45735669e-02  8.87389898e-01
   6.79130971e-01  9.95960355e-01  9.87476408e-01]
 [ 0.00000000e+00  6.30000000e+01  3.18737738e-02  4.02097702e-02
   7.23086119e-01  9.63725805e-01  9.91918445e-01]
 [ 0.00000000e+00  6.30000000e+01  3.13503407e-02  1.34755969e-02
   6.33362353e-01  6.61917388e-01  9.85363543e-01]
 [ 0.00000000e+00  6.30000000e+01  2.50011310e-02  7.92595148e-01
   6.81334496e-01  1.01766801e+00  9.93029356e-01]
 [ 0.00000000e+00  6.30000000e+01  2.40973644e-02  8.51261139e-01
   6.22712851e-01  1.00361729e+00  1.04310298e+00]
 [ 0.00000000e+00  6.30000000e+01  2.33563967e-02  7.81068146e-01
   7.10409820e-01  9.51888382e-01  9.83305275e-01]
 [ 0.00000000e+00  6.70000000e+01  1.12727538e-01  7.43386626e-01
   6.86911285e-01  9.66340661e-01  8.29227984e-01]
 [ 0.00000000e+00  6.70000000e+01  8.68429691e-02  7.44674504e-01
   7.00871468e-01  9.86471355e-01  8.89560103e-01]
 [ 0.00000000e+00  6.70000000e+01  6.65233508e-02  7.53541827e-01
   6.99959815e-01  9.13689256e-01  9.25388753e-01]
 [ 0.00000000e+00  6.70000000e+01  4.83486764e-02  7.45606542e-01
   6.53685987e-01  9.68756795e-01  7.73123562e-01]
 [ 0.00000000e+00  6.70000000e+01  4.65252623e-02  7.81068146e-01
   7.10409820e-01  9.51888382e-01  9.83305275e-01]
 [ 0.00000000e+00  6.70000000e+01  4.47420217e-02  1.44195974e-01
   6.95529342e-01  2.15175182e-01  7.30445504e-01]
 [ 0.00000000e+00  6.70000000e+01  3.86968963e-02  1.18997633e-01
   7.30829120e-01  9.33081686e-01  9.79559422e-01]
 [ 0.00000000e+00  6.70000000e+01  3.73431668e-02  6.64088309e-01
   6.97201669e-01  9.07311141e-01  8.30504477e-01]
 [ 0.00000000e+00  6.70000000e+01  3.52523103e-02  7.45194793e-01
   7.53224313e-01  9.93877411e-01  9.75133479e-01]
 [ 0.00000000e+00  6.70000000e+01  3.41705903e-02  7.60182083e-01
   7.19642937e-01  9.03878987e-01  7.72691429e-01]
 [ 0.00000000e+00  6.70000000e+01  3.29722688e-02  6.00655675e-02
   8.48942101e-01  9.54191506e-01  9.85446393e-01]
 [ 0.00000000e+00  6.70000000e+01  2.93629616e-02  6.48566127e-01
   6.72607362e-01  9.13911581e-01  7.73530781e-01]
 [ 0.00000000e+00  6.70000000e+01  2.88587976e-02  7.70538330e-01
   6.43324673e-01  9.53522086e-01  8.76383483e-01]
 [ 0.00000000e+00  6.70000000e+01  2.74999216e-02  1.32869929e-01
   6.97383404e-01  2.11024612e-01  8.28395486e-01]
 [ 0.00000000e+00  6.70000000e+01  2.68626008e-02 -6.81769103e-03
   6.69422388e-01  2.00508535e-01  8.52094293e-01]
 [ 0.00000000e+00  6.70000000e+01  2.68106740e-02  7.93620646e-01
   7.53833473e-01  9.08435881e-01  8.63498032e-01]
 [ 0.00000000e+00  6.70000000e+01  2.52645798e-02 -6.24306798e-02
   6.61558270e-01  1.03702688e+00  8.75746131e-01]
 [ 0.00000000e+00  7.00000000e+01  1.19903445e-01  8.76240075e-01
   6.57119572e-01  9.93191898e-01  9.84757245e-01]
 [ 0.00000000e+00  7.00000000e+01  3.02957874e-02  6.51155412e-03
   6.04960978e-01  1.53064772e-01  9.55430686e-01]
 [ 0.00000000e+00  7.00000000e+01  2.49753315e-02  8.69040668e-01
   8.87124240e-01  9.64202106e-01  9.90800917e-01]
 [ 0.00000000e+00  7.20000000e+01  3.81717324e-01  8.12582850e-01
   5.41318655e-01  9.84091043e-01  7.07621217e-01]
 [ 0.00000000e+00  7.20000000e+01  2.99210735e-02  1.36680350e-01
   5.46711862e-01  2.42797688e-01  7.03765333e-01]
 [ 0.00000000e+00  7.30000000e+01  3.97068933e-02  8.06639373e-01
   5.43110013e-01  9.79583561e-01  6.99360251e-01]
 [ 0.00000000e+00  7.60000000e+01  3.45060863e-02  7.58165836e-01
   7.01707065e-01  8.93561125e-01  7.49014080e-01]
 [ 0.00000000e+00  8.10000000e+01  5.09318747e-02  7.58165836e-01
   7.01707065e-01  8.93561125e-01  7.49014080e-01]
 [ 0.00000000e+00  8.10000000e+01  4.01589796e-02  7.60182083e-01
   7.19642937e-01  9.03878987e-01  7.72691429e-01]
 [ 0.00000000e+00  8.40000000e+01  4.56282832e-02  7.58165836e-01
   7.01707065e-01  8.93561125e-01  7.49014080e-01]]
1 - person - 0.9321739 
Time to detect all objects: 0.017912864685058594
capturedImage20190419124902 , {"person": "1 (Running Low)"} 
Iteration: 2
Threshold: 0.5525
Time between detection: 10
[[ 0.00000000e+00  1.00000000e+00  3.26125585e-02  9.69410419e-01
   1.60526127e-01  9.94045258e-01  7.36736298e-01]
 [ 0.00000000e+00  1.00000000e+00  2.55615376e-02  8.58813643e-01
   2.26145983e-01  9.96720552e-01  1.02084792e+00]
 [ 0.00000000e+00  1.00000000e+00  2.54732687e-02  9.69985187e-01
  -3.58170271e-02  9.91724551e-01  6.21533155e-01]
 [ 0.00000000e+00  1.00000000e+00  2.21242309e-02 -5.90227917e-03
  -4.65906858e-02  1.11875087e-01  9.15567994e-01]
 [ 0.00000000e+00  1.00000000e+00  2.19306946e-02  8.73322904e-01
   6.59583628e-01  9.95854557e-01  9.82707322e-01]
 [ 0.00000000e+00  1.00000000e+00  2.14162450e-02  8.35152805e-01
   2.14469239e-01  9.99375641e-01  5.57559907e-01]
 [ 0.00000000e+00  1.00000000e+00  2.08896808e-02  9.61445689e-01
   3.17656934e-01  1.00264752e+00  7.58875430e-01]
 [ 0.00000000e+00  1.00000000e+00  1.95873696e-02  7.86121786e-01
   7.00882077e-02  9.93888438e-01  9.66501653e-01]
 [ 0.00000000e+00  6.20000000e+01  9.03823495e-01  2.07838863e-01
   6.19349957e-01  7.11213231e-01  9.92630482e-01]
 [ 0.00000000e+00  6.20000000e+01  6.24101698e-01  1.42433494e-02
   6.22495055e-01  2.30551317e-01  9.94085908e-01]
 [ 0.00000000e+00  6.20000000e+01  3.90570968e-01  8.74678612e-01
   6.63974047e-01  1.00136161e+00  9.81991053e-01]
 [ 0.00000000e+00  6.20000000e+01  2.80934662e-01  6.67063147e-03
   6.08122051e-01  1.56805277e-01  9.56024110e-01]
 [ 0.00000000e+00  6.20000000e+01  1.70868114e-01  6.36905074e-01
   7.24505246e-01  7.68919826e-01  9.83228147e-01]
 [ 0.00000000e+00  6.20000000e+01  1.55095652e-01  5.93525052e-01
   6.89873040e-01  7.26567149e-01  9.92104113e-01]
 [ 0.00000000e+00  6.20000000e+01  1.21621735e-01  7.07210600e-01
   7.24555135e-01  8.34202230e-01  9.85702395e-01]
 [ 0.00000000e+00  6.20000000e+01  1.07554108e-01  5.49047410e-01
   5.62417090e-01  7.37976849e-01  9.80950892e-01]
 [ 0.00000000e+00  6.20000000e+01  1.00305773e-01  2.96889618e-03
   6.41685426e-01  7.42157549e-02  1.00253332e+00]
 [ 0.00000000e+00  6.20000000e+01  7.46283904e-02  7.66326129e-01
   6.85286701e-01  9.53725159e-01  9.80508983e-01]
 [ 0.00000000e+00  6.20000000e+01  7.32843578e-02  5.44089019e-01
   5.43244064e-01  7.16144383e-01  7.03729093e-01]
 [ 0.00000000e+00  6.20000000e+01  7.16987476e-02  5.44113696e-01
   5.51934898e-01  7.00654089e-01  7.82698929e-01]
 [ 0.00000000e+00  6.20000000e+01  6.50456771e-02  2.84094997e-02
   5.87414503e-01  1.30456731e-01  6.34428501e-01]
 [ 0.00000000e+00  6.20000000e+01  5.94434552e-02  7.13456631e-01
   7.09101737e-01  9.01421428e-01  9.95428145e-01]
 [ 0.00000000e+00  6.20000000e+01  5.84507473e-02  1.18695647e-02
   7.54319429e-01  2.38502666e-01  9.69944835e-01]
 [ 0.00000000e+00  6.20000000e+01  5.00404127e-02  5.90426624e-01
   8.10788691e-01  7.90029466e-01  9.87599075e-01]
 [ 0.00000000e+00  6.20000000e+01  4.92615476e-02  8.57955158e-01
   9.02326226e-01  9.77350295e-01  1.00121188e+00]
 [ 0.00000000e+00  6.20000000e+01  4.85280938e-02 -4.23278734e-02
   6.72269106e-01  1.48079932e-01  8.46874714e-01]
 [ 0.00000000e+00  6.20000000e+01  4.74517159e-02  5.35558045e-01
   5.23405552e-01  8.10568631e-01  8.38895679e-01]
 [ 0.00000000e+00  6.20000000e+01  4.72327471e-02 -4.38239425e-04
   5.50408542e-01  2.56707910e-02  6.84578121e-01]
 [ 0.00000000e+00  6.30000000e+01  1.99524656e-01  2.15801835e-01
   6.17274284e-01  7.19823539e-01  9.83660102e-01]
 [ 0.00000000e+00  6.30000000e+01  8.62142891e-02  8.86471391e-01
   6.77062988e-01  9.97028470e-01  9.90606904e-01]
 [ 0.00000000e+00  6.30000000e+01  1.85225978e-02  1.21700794e-01
   5.61931312e-01  7.00248837e-01  7.64364421e-01]
 [ 0.00000000e+00  6.70000000e+01  1.02532007e-01  6.17675245e-01
   6.83317363e-01  9.00331438e-01  9.98892844e-01]
 [ 0.00000000e+00  6.70000000e+01  9.67680588e-02  7.25941658e-01
   6.85544550e-01  9.79057670e-01  9.97511923e-01]
 [ 0.00000000e+00  6.70000000e+01  7.77580515e-02 -1.07937157e-02
   6.72235370e-01  2.23794505e-01  8.50950480e-01]
 [ 0.00000000e+00  6.70000000e+01  7.07132891e-02  6.80285215e-01
   6.90781951e-01  9.28711891e-01  8.03160906e-01]
 [ 0.00000000e+00  6.70000000e+01  5.95652349e-02  7.03228831e-01
   6.72884524e-01  9.63775039e-01  7.65594423e-01]
 [ 0.00000000e+00  6.70000000e+01  5.92116229e-02  7.23233283e-01
   7.17186987e-01  9.00078833e-01  9.87626970e-01]
 [ 0.00000000e+00  6.70000000e+01  4.76729982e-02 -1.67513639e-02
   6.23737037e-01  4.57522333e-01  8.72125924e-01]
 [ 0.00000000e+00  6.70000000e+01  4.25760038e-02  6.29777670e-01
   6.39178574e-01  9.94371891e-01  9.21314776e-01]
 [ 0.00000000e+00  6.70000000e+01  3.77452783e-02  7.46136904e-01
   6.75445914e-01  9.98881340e-01  8.41670871e-01]
 [ 0.00000000e+00  6.70000000e+01  3.70864235e-02 -1.78587139e-02
   6.28259718e-01  2.11247221e-01  7.97238529e-01]
 [ 0.00000000e+00  6.70000000e+01  3.61596569e-02  6.80075943e-01
   6.88947439e-01  8.96714747e-01  7.62046695e-01]
 [ 0.00000000e+00  6.70000000e+01  2.96844728e-02 -4.05061990e-03
   7.28668690e-01  2.22534031e-01  9.12460446e-01]
 [ 0.00000000e+00  6.70000000e+01  2.88213622e-02  7.56589472e-01
   6.49519503e-01  1.00321841e+00  7.74762213e-01]
 [ 0.00000000e+00  6.70000000e+01  2.74272896e-02 -4.35764790e-02
   7.16618598e-01  4.38865542e-01  9.75813091e-01]
 [ 0.00000000e+00  6.70000000e+01  2.71061156e-02  5.92265844e-01
   6.53091490e-01  9.08415556e-01  7.60169327e-01]
 [ 0.00000000e+00  6.70000000e+01  2.56301835e-02  1.02820508e-01
   6.73757136e-01  3.29850852e-01  8.25546086e-01]
 [ 0.00000000e+00  6.70000000e+01  2.55338829e-02  7.15926647e-01
   6.25027418e-01  1.04436326e+00  8.82285357e-01]
 [ 0.00000000e+00  6.70000000e+01  2.50469092e-02  4.06690240e-02
   6.09906375e-01  2.79478729e-01  7.84498274e-01]
 [ 0.00000000e+00  6.70000000e+01  2.49172654e-02  7.05876827e-01
   8.01252127e-01  9.54367757e-01  9.90728855e-01]
 [ 0.00000000e+00  6.70000000e+01  2.41813287e-02  6.04996920e-01
   6.87693179e-01  8.84762883e-01  8.33082855e-01]
 [ 0.00000000e+00  6.70000000e+01  2.36611515e-02 -8.41833204e-02
   6.30214334e-01  2.88477838e-01  8.69154334e-01]
 [ 0.00000000e+00  6.70000000e+01  2.34814845e-02  7.68862188e-01
   7.10126817e-01  1.01016068e+00  9.22777832e-01]
 [ 0.00000000e+00  6.70000000e+01  2.26810072e-02  6.96800590e-01
   7.25114644e-01  1.06978071e+00  9.68491256e-01]
 [ 0.00000000e+00  6.70000000e+01  2.19789464e-02  1.29411921e-01
   7.13470221e-01  2.33486280e-01  7.90816426e-01]
 [ 0.00000000e+00  6.70000000e+01  2.15693116e-02  2.35455677e-01
   8.30489874e-01  6.13766849e-01  9.94768262e-01]
 [ 0.00000000e+00  6.70000000e+01  2.12635566e-02  6.07506186e-02
   6.39645517e-01  2.37374738e-01  9.88523185e-01]
 [ 0.00000000e+00  6.70000000e+01  2.07807999e-02  4.50693369e-02
   6.13658905e-01  5.37350059e-01  9.31047797e-01]
 [ 0.00000000e+00  6.70000000e+01  2.01852340e-02 -4.23278734e-02
   6.72269106e-01  1.48079932e-01  8.46874714e-01]
 [ 0.00000000e+00  6.70000000e+01  1.98396128e-02  7.90928841e-01
   7.68215001e-01  1.01584685e+00  9.75150406e-01]
 [ 0.00000000e+00  6.70000000e+01  1.90943852e-02 -9.68076736e-02
   7.30542064e-01  2.97046483e-01  9.64793682e-01]
 [ 0.00000000e+00  6.70000000e+01  1.90209225e-02  4.15759981e-02
   4.82545435e-01  7.75022149e-01  6.60619199e-01]
 [ 0.00000000e+00  6.70000000e+01  1.89955030e-02  7.07210600e-01
   7.24555135e-01  8.34202230e-01  9.85702395e-01]
 [ 0.00000000e+00  6.70000000e+01  1.83711350e-02  5.40027142e-01
   6.30956233e-01  7.73579001e-01  7.76564181e-01]
 [ 0.00000000e+00  6.70000000e+01  1.81996766e-02  6.15038693e-01
   7.27609754e-01  8.36516440e-01  9.40071940e-01]
 [ 0.00000000e+00  7.00000000e+01  6.91947490e-02  8.73322904e-01
   6.59583628e-01  9.95854557e-01  9.82707322e-01]
 [ 0.00000000e+00  7.00000000e+01  2.42956225e-02  8.67446244e-01
   8.88358593e-01  9.63662803e-01  9.91688728e-01]
 [ 0.00000000e+00  7.20000000e+01  4.08001065e-01  8.11483264e-01
   5.41208982e-01  9.88939762e-01  7.01840997e-01]
 [ 0.00000000e+00  7.20000000e+01  3.62990908e-02  1.55986041e-01
   5.53714037e-01  2.80423135e-01  6.99836016e-01]
 [ 0.00000000e+00  7.20000000e+01  3.19717601e-02  5.41000962e-01
   5.43937564e-01  6.98903680e-01  7.20312595e-01]
 [ 0.00000000e+00  7.20000000e+01  2.63898429e-02  3.04495320e-02
   5.42533159e-01  2.70669907e-01  6.97651267e-01]
 [ 0.00000000e+00  7.20000000e+01  1.89436618e-02  8.50359082e-01
   5.29123306e-01  9.77016568e-01  5.82372785e-01]
 [ 0.00000000e+00  7.30000000e+01  9.38046724e-02  6.94785535e-01
   5.72360635e-01  9.55839813e-01  7.30597615e-01]
 [ 0.00000000e+00  7.30000000e+01  8.75159428e-02  6.37843668e-01
   5.96663117e-01  8.93962443e-01  7.28330612e-01]
 [ 0.00000000e+00  7.30000000e+01  6.87745810e-02  1.35050207e-01
   5.60726821e-01  2.83075422e-01  7.38169730e-01]
 [ 0.00000000e+00  7.30000000e+01  4.54841368e-02  8.03431213e-01
   5.42739868e-01  9.78743732e-01  6.93148375e-01]
 [ 0.00000000e+00  7.30000000e+01  3.38490792e-02  5.55853426e-01
   5.68037391e-01  8.49189699e-01  7.20523596e-01]
 [ 0.00000000e+00  7.30000000e+01  3.10412720e-02  5.44089019e-01
   5.43244064e-01  7.16144383e-01  7.03729093e-01]
 [ 0.00000000e+00  7.30000000e+01  2.48724557e-02  7.36148179e-01
   5.40898740e-01  9.16235626e-01  7.55021393e-01]
 [ 0.00000000e+00  7.30000000e+01  2.21105926e-02  1.99211314e-02
   5.72818458e-01  2.61396080e-01  7.38309801e-01]
 [ 0.00000000e+00  7.30000000e+01  2.16249097e-02  7.50887573e-01
   7.04253674e-01  8.80614817e-01  7.46860504e-01]
 [ 0.00000000e+00  7.30000000e+01  2.05592550e-02  6.01165891e-01
   5.34888148e-01  9.06594515e-01  7.05692172e-01]
 [ 0.00000000e+00  7.30000000e+01  1.88761149e-02  1.48471564e-01
   6.33355677e-01  2.45465040e-01  6.95801437e-01]
 [ 0.00000000e+00  7.40000000e+01  2.66832020e-02  6.78392172e-01
   7.19384670e-01  7.52601266e-01  7.41912484e-01]
 [ 0.00000000e+00  7.40000000e+01  1.95082817e-02  8.60767722e-01
   7.01558471e-01  9.05542850e-01  7.41039515e-01]
 [ 0.00000000e+00  7.50000000e+01  7.17766657e-02  3.46118361e-01
   1.82895824e-01  4.38475579e-01  4.14949715e-01]
 [ 0.00000000e+00  7.50000000e+01  1.98706500e-02  6.78392172e-01
   7.19384670e-01  7.52601266e-01  7.41912484e-01]
 [ 0.00000000e+00  7.50000000e+01  1.94451511e-02  3.81230056e-01
   2.30053425e-01  4.10938084e-01  2.75563836e-01]
 [ 0.00000000e+00  7.60000000e+01  7.14756697e-02  1.51785314e-01
   7.01723814e-01  2.31191278e-01  7.31512427e-01]
 [ 0.00000000e+00  7.60000000e+01  4.83657047e-02  6.78260505e-01
   6.97975814e-01  9.08268034e-01  7.40137756e-01]
 [ 0.00000000e+00  7.60000000e+01  3.53023186e-02  7.50887573e-01
   7.04253674e-01  8.80614817e-01  7.46860504e-01]
 [ 0.00000000e+00  7.60000000e+01  2.54657399e-02  8.24110746e-01
   7.32497454e-01  9.11522150e-01  7.62710094e-01]
 [ 0.00000000e+00  7.60000000e+01  2.37368420e-02  1.29411921e-01
   7.13470221e-01  2.33486280e-01  7.90816426e-01]
 [ 0.00000000e+00  7.60000000e+01  2.10738592e-02  6.78392172e-01
   7.19384670e-01  7.52601266e-01  7.41912484e-01]
 [ 0.00000000e+00  8.40000000e+01  6.46921694e-02  1.51785314e-01
   7.01723814e-01  2.31191278e-01  7.31512427e-01]
 [ 0.00000000e+00  8.40000000e+01  3.29624414e-02  1.91607773e-02
   1.82900786e-01  9.71835375e-01  9.12179828e-01]
 [ 0.00000000e+00  8.40000000e+01  2.43716594e-02  6.78392172e-01
   7.19384670e-01  7.52601266e-01  7.41912484e-01]
 [ 0.00000000e+00  8.40000000e+01  2.30195466e-02  6.79213643e-01
   6.66195273e-01  7.65025616e-01  6.84711099e-01]
 [ 0.00000000e+00  8.40000000e+01  2.19359901e-02  7.50887573e-01
   7.04253674e-01  8.80614817e-01  7.46860504e-01]
 [ 0.00000000e+00  8.40000000e+01  2.10328307e-02  3.27135205e-01
  -5.55813313e-03  9.90675807e-01  6.79508209e-01]]
2 - chair - 0.9038235 
2 - chair - 0.6241017 
Time to detect all objects: 0.008982419967651367
capturedImage20190419124921 , {Out of: {'person'}} 
2 - Nothing Detected 
