Threshold: 0.5850000000000001
[[ 0.00000000e+00  1.00000000e+00  9.40908849e-01  2.97260821e-01
   1.57023370e-02  8.40827048e-01  8.76290321e-01]
 [ 0.00000000e+00  1.00000000e+00  4.24171127e-02  2.73103118e-01
   3.88962030e-01  4.19045031e-01  8.05128455e-01]
 [ 0.00000000e+00  1.00000000e+00  4.04147916e-02  4.57280755e-01
  -7.03109801e-03  6.30606771e-01  3.10692787e-01]
 [ 0.00000000e+00  1.00000000e+00  3.85305546e-02  4.01712894e-01
  -1.08113140e-03  5.20825446e-01  3.75751145e-02]
 [ 0.00000000e+00  1.00000000e+00  3.81350331e-02  3.29228640e-01
  -2.48984993e-03  4.56527829e-01  3.23015928e-01]
 [ 0.00000000e+00  1.00000000e+00  3.66514884e-02  2.66883135e-01
  -8.87560844e-03  4.22938108e-01  2.44452208e-01]
 [ 0.00000000e+00  1.00000000e+00  3.59831564e-02  2.54121393e-01
  -4.87788022e-03  5.54722309e-01  1.56920418e-01]
 [ 0.00000000e+00  1.00000000e+00  3.56171541e-02  1.82631955e-01
  -5.69995865e-03  5.33170342e-01  6.50357157e-02]
 [ 0.00000000e+00  1.00000000e+00  3.51555608e-02  3.77272576e-01
   1.20390486e-03  4.49839741e-01  2.74848044e-02]
 [ 0.00000000e+00  1.00000000e+00  3.49904075e-02  4.02395785e-01
  -4.62040305e-03  5.83305180e-01  3.13212246e-01]
 [ 0.00000000e+00  1.00000000e+00  3.48240100e-02 -6.54041767e-04
   5.24276495e-03  7.60126412e-01  7.60442317e-01]
 [ 0.00000000e+00  1.00000000e+00  3.43358666e-02  1.91663593e-01
  -9.64665413e-03  8.73844981e-01  6.02723122e-01]
 [ 0.00000000e+00  1.00000000e+00  3.37009616e-02  3.77569914e-01
  -2.07149982e-03  5.32427669e-01  2.50136763e-01]
 [ 0.00000000e+00  1.00000000e+00  3.32463123e-02  3.70492280e-01
  -4.61471081e-03  6.39199078e-01  1.66073725e-01]
 [ 0.00000000e+00  1.00000000e+00  3.25938500e-02  3.41752738e-01
   3.60864341e-01  4.48439211e-01  7.86931574e-01]
 [ 0.00000000e+00  1.00000000e+00  3.18832956e-02  6.93584681e-01
   5.62462807e-01  8.53061080e-01  8.75661612e-01]
 [ 0.00000000e+00  1.00000000e+00  3.12565267e-02  5.55717014e-03
   3.08562487e-01  4.01769131e-02  8.23395491e-01]
 [ 0.00000000e+00  1.00000000e+00  3.02650612e-02  1.87852651e-01
   6.10240549e-03  4.62449521e-01  1.59668744e-01]
 [ 0.00000000e+00  1.00000000e+00  2.93656178e-02  3.34022105e-01
   8.98274928e-02  4.42949891e-01  4.18853164e-01]
 [ 0.00000000e+00  1.00000000e+00  2.93012783e-02  2.80072451e-01
   3.38902771e-01  4.09009457e-01  6.66516602e-01]
 [ 0.00000000e+00  1.00000000e+00  2.81422399e-02  3.00950974e-01
  -2.83028185e-03  6.33129358e-01  6.91332668e-02]
 [ 0.00000000e+00  1.00000000e+00  2.70302538e-02  3.85589242e-01
   1.13960803e-02  9.19835329e-01  6.92236543e-01]
 [ 0.00000000e+00  1.00000000e+00  2.69751512e-02  9.37438011e-03
   1.74858809e-01  3.62451747e-02  7.64723778e-01]
 [ 0.00000000e+00  1.00000000e+00  2.59103738e-02  2.79493034e-01
   2.62148380e-02  5.27665973e-01  2.24062562e-01]
 [ 0.00000000e+00  1.00000000e+00  2.57281177e-02  3.23092848e-01
   1.58708647e-01  4.50139791e-01  5.08359909e-01]
 [ 0.00000000e+00  1.00000000e+00  2.56613046e-02  4.64932442e-01
   1.39268488e-03  5.61462045e-01  3.77141796e-02]
 [ 0.00000000e+00  1.00000000e+00  2.53600813e-02  3.77808213e-01
   4.33748960e-02  5.30240774e-01  3.53118956e-01]
 [ 0.00000000e+00  1.00000000e+00  2.51205582e-02  3.14097047e-01
   5.34332752e-01  3.69715095e-01  5.82023621e-01]
 [ 0.00000000e+00  1.00000000e+00  2.50075050e-02  4.44214761e-01
   4.79818247e-02  4.82501268e-01  1.13639951e-01]
 [ 0.00000000e+00  3.40000000e+01  2.57492699e-02  4.12187815e-01
   4.78133559e-01  6.99042678e-01  6.25336051e-01]
 [ 0.00000000e+00  4.40000000e+01  4.01042216e-02  4.12187815e-01
   4.78133559e-01  6.99042678e-01  6.25336051e-01]
 [ 0.00000000e+00  6.20000000e+01  9.20734107e-02  8.35059464e-01
   5.99050462e-01  9.99903262e-01  8.93024147e-01]
 [ 0.00000000e+00  6.20000000e+01  8.43558460e-02  8.54250968e-01
   3.91295880e-01  9.97517884e-01  6.58941150e-01]
 [ 0.00000000e+00  6.20000000e+01  7.78175145e-02  2.65571028e-02
   5.46761155e-01  3.25510323e-01  7.52030134e-01]
 [ 0.00000000e+00  6.20000000e+01  4.67391722e-02  8.21090519e-01
   3.88381064e-01  9.55769002e-01  6.71808302e-01]
 [ 0.00000000e+00  6.20000000e+01  4.33429889e-02  8.51256967e-01
   3.78167391e-01  9.96314883e-01  8.41334939e-01]
 [ 0.00000000e+00  6.20000000e+01  4.11362797e-02 -2.68680602e-03
   6.05933666e-01  1.68272018e-01  8.82766843e-01]
 [ 0.00000000e+00  6.20000000e+01  3.99277434e-02  8.59234571e-01
   6.07391357e-01  9.02135015e-01  7.22966433e-01]
 [ 0.00000000e+00  6.20000000e+01  3.80811356e-02  8.52952838e-01
   6.25773191e-01  1.03656447e+00  8.09456348e-01]
 [ 0.00000000e+00  6.20000000e+01  3.72151099e-02  8.68448436e-01
   3.89436126e-01  9.90485609e-01  5.41535199e-01]
 [ 0.00000000e+00  6.20000000e+01  3.66181768e-02  3.65329832e-02
   5.59036493e-01  2.36472234e-01  7.78355241e-01]
 [ 0.00000000e+00  6.20000000e+01  3.62277217e-02  6.52373254e-01
   3.61821651e-01  9.96162236e-01  6.09338939e-01]
 [ 0.00000000e+00  6.20000000e+01  3.33688930e-02  7.92284071e-01
   6.47023439e-01  9.86234605e-01  9.14229155e-01]
 [ 0.00000000e+00  6.20000000e+01  3.31454016e-02  8.34039152e-01
   3.92865181e-01  8.91851008e-01  5.73315859e-01]
 [ 0.00000000e+00  6.20000000e+01  3.22062634e-02  7.94152796e-01
   3.86733145e-01  1.00551724e+00  7.42565393e-01]
 [ 0.00000000e+00  6.20000000e+01  3.21255028e-02  8.99268866e-01
   6.02227032e-01  9.80970860e-01  9.56801593e-01]
 [ 0.00000000e+00  6.20000000e+01  3.21225151e-02  8.58780742e-01
   6.13234043e-01  1.00486636e+00  7.04401970e-01]
 [ 0.00000000e+00  6.20000000e+01  3.17692049e-02  7.77854145e-01
   3.95042777e-01  9.98459160e-01  6.03976607e-01]
 [ 0.00000000e+00  6.20000000e+01  3.11473645e-02  8.04725707e-01
   3.92238468e-01  8.65531981e-01  5.21603107e-01]
 [ 0.00000000e+00  6.20000000e+01  2.92673577e-02  7.48131990e-01
   2.17546105e-01  8.84642005e-01  5.39699912e-01]
 [ 0.00000000e+00  6.20000000e+01  2.85925604e-02  7.60817409e-01
   3.64730954e-01  8.86809349e-01  6.70436382e-01]
 [ 0.00000000e+00  6.20000000e+01  2.85440329e-02  1.40121624e-01
   5.71098208e-01  3.14199984e-01  8.67597103e-01]
 [ 0.00000000e+00  6.20000000e+01  2.85290405e-02  8.62375200e-01
   6.34951591e-01  8.91642630e-01  8.27746511e-01]
 [ 0.00000000e+00  6.20000000e+01  2.79620271e-02  8.16084504e-01
   4.09953266e-01  9.40872192e-01  8.04105639e-01]
 [ 0.00000000e+00  6.20000000e+01  2.76341867e-02  4.92904186e-02
   5.44262171e-01  2.18157947e-01  7.18388200e-01]
 [ 0.00000000e+00  6.20000000e+01  2.76220739e-02  9.75086093e-01
   3.64346802e-01  9.95356441e-01  4.52669263e-01]
 [ 0.00000000e+00  6.20000000e+01  2.74905842e-02  7.00829208e-01
   6.59976542e-01  1.02444530e+00  8.73087466e-01]
 [ 0.00000000e+00  6.20000000e+01  2.73152422e-02  4.71397117e-03
   6.12036884e-01  5.96431680e-02  9.62610066e-01]
 [ 0.00000000e+00  6.20000000e+01  2.61236392e-02  8.07878196e-01
   4.36428845e-01  8.61341536e-01  5.68216026e-01]
 [ 0.00000000e+00  6.20000000e+01  2.58246008e-02  1.95972770e-02
   5.78841686e-01  2.47630283e-01  8.57888103e-01]
 [ 0.00000000e+00  6.20000000e+01  2.57416032e-02  7.28267431e-01
   3.10967743e-01  9.91599083e-01  7.25373566e-01]
 [ 0.00000000e+00  6.20000000e+01  2.51270104e-02  8.12740028e-01
   3.51614118e-01  9.29874480e-01  6.07714295e-01]
 [ 0.00000000e+00  6.20000000e+01  2.49932259e-02  7.45213032e-01
   4.02891636e-01  1.03090286e+00  6.69119239e-01]
 [ 0.00000000e+00  6.20000000e+01  2.49573421e-02  8.47182512e-01
   3.88280541e-01  8.90964031e-01  4.26952630e-01]
 [ 0.00000000e+00  6.20000000e+01  2.45704874e-02  8.74733984e-01
   3.77340019e-01  9.99747813e-01  4.23044741e-01]
 [ 0.00000000e+00  6.20000000e+01  2.45507713e-02  5.95027208e-03
   5.48425496e-01  1.71006411e-01  8.09116185e-01]
 [ 0.00000000e+00  6.30000000e+01  1.62671819e-01  2.11256146e-02
   5.43323040e-01  5.85070252e-01  8.32056880e-01]
 [ 0.00000000e+00  6.30000000e+01  1.55634910e-01 -3.62891555e-02
   5.23756385e-01  1.00795531e+00  9.20277596e-01]
 [ 0.00000000e+00  6.30000000e+01  1.15219191e-01 -6.96331263e-05
   5.82613647e-01  3.30823362e-01  8.45385253e-01]
 [ 0.00000000e+00  6.30000000e+01  9.69670415e-02  1.50393993e-02
   6.72482133e-01  3.19302022e-01  8.32657814e-01]
 [ 0.00000000e+00  6.30000000e+01  6.99548870e-02  1.05118692e-01
   2.54489839e-01  9.82039750e-01  9.10201013e-01]
 [ 0.00000000e+00  6.30000000e+01  5.43833785e-02 -1.06235743e-02
   4.69420761e-01  3.83756876e-01  9.48629022e-01]
 [ 0.00000000e+00  6.30000000e+01  4.38489541e-02  2.71554500e-01
   3.43259245e-01  1.00389934e+00  7.71471620e-01]
 [ 0.00000000e+00  6.30000000e+01  3.99673544e-02  5.66638261e-03
   5.60884714e-01  1.90135866e-01  8.46824050e-01]
 [ 0.00000000e+00  6.30000000e+01  3.99296358e-02 -4.05192375e-03
   5.33667982e-01  4.05448437e-01  8.08195889e-01]
 [ 0.00000000e+00  6.30000000e+01  3.90979126e-02  1.30683869e-01
   5.62448382e-01  3.13212365e-01  8.34891558e-01]
 [ 0.00000000e+00  6.30000000e+01  3.67534831e-02  7.07620233e-02
   5.44147968e-01  3.41848969e-01  7.05685019e-01]
 [ 0.00000000e+00  6.30000000e+01  3.48355174e-02  1.02643669e-02
   5.36429167e-01  2.69260347e-01  9.10419106e-01]
 [ 0.00000000e+00  6.30000000e+01  3.06254011e-02  6.14242077e-01
   3.94863635e-01  9.85042453e-01  9.35213685e-01]
 [ 0.00000000e+00  6.30000000e+01  3.05179134e-02  8.44658494e-01
   3.86844605e-01  1.00130081e+00  9.69527364e-01]
 [ 0.00000000e+00  6.30000000e+01  2.81252917e-02  7.49989688e-01
   3.66115510e-01  9.93757308e-01  9.09264028e-01]
 [ 0.00000000e+00  6.30000000e+01  2.76445728e-02 -4.98461127e-02
   3.24056923e-01  7.39787579e-01  7.42270172e-01]
 [ 0.00000000e+00  6.30000000e+01  2.46983208e-02  4.28222805e-01
   1.15596324e-01  9.55458522e-01  8.81581068e-01]
 [ 0.00000000e+00  6.50000000e+01  8.35502222e-02 -1.70280039e-02
   5.21361351e-01  1.01692832e+00  9.17449355e-01]
 [ 0.00000000e+00  6.50000000e+01  4.93382514e-02  1.05118692e-01
   2.54489839e-01  9.82039750e-01  9.10201013e-01]
 [ 0.00000000e+00  7.20000000e+01  3.77569795e-02  9.62818027e-01
   1.76959842e-01  9.99670506e-01  3.63899380e-01]
 [ 0.00000000e+00  7.20000000e+01  3.13821249e-02  6.09297693e-01
   1.78428143e-02  8.82837713e-01  3.86989832e-01]
 [ 0.00000000e+00  7.20000000e+01  3.04564461e-02  4.64384198e-01
   1.80044323e-02  9.70168948e-01  2.81698525e-01]
 [ 0.00000000e+00  7.20000000e+01  2.94851661e-02  3.08023483e-01
   2.94763371e-02  8.12436342e-01  2.52925515e-01]
 [ 0.00000000e+00  7.20000000e+01  2.59302929e-02  3.87382448e-01
   9.22258049e-02  7.09228694e-01  4.20602441e-01]
 [ 0.00000000e+00  7.60000000e+01  2.52215058e-01 -4.21562791e-03
   7.92745650e-01  9.88022327e-01  9.90096271e-01]
 [ 0.00000000e+00  7.60000000e+01  1.20593451e-01  9.73124504e-02
   8.53565335e-01  9.99779820e-01  1.00412464e+00]
 [ 0.00000000e+00  7.60000000e+01  7.12329745e-02 -1.91723853e-02
   8.35529447e-01  4.08829570e-01  9.91537929e-01]
 [ 0.00000000e+00  7.60000000e+01  3.58024240e-02  2.93999612e-02
   8.28578472e-01  6.61693811e-01  9.98418331e-01]
 [ 0.00000000e+00  7.70000000e+01  9.99126732e-02  6.25009298e-01
   1.40228748e-01  6.95636034e-01  2.15560436e-01]
 [ 0.00000000e+00  8.50000000e+01  5.56120723e-02  4.03589666e-01
   5.32115996e-01  4.31856871e-01  5.88292539e-01]
 [ 0.00000000e+00  8.50000000e+01  4.94386144e-02  4.16765660e-01
   5.78515589e-01  4.34927374e-01  6.33487165e-01]
 [ 0.00000000e+00  8.50000000e+01  3.16202715e-02  4.00992751e-01
   4.85325545e-01  4.26465273e-01  5.34235299e-01]
 [ 0.00000000e+00  8.50000000e+01  2.94322744e-02  3.14097047e-01
   5.34332752e-01  3.69715095e-01  5.82023621e-01]
 [ 0.00000000e+00  8.50000000e+01  2.65448820e-02  1.59138903e-01
   1.40023008e-02  2.17666224e-01  2.25353122e-01]]
capturedImage20190407210704 , {"person": "1 (Running Low)"} 
1 - person - 0.94090885 
